0.8978937433307811
0.8959660860397097
0.8209993684842818
0.8429010036658611
0.8085898266630519
0.24038564160258016
0.06096927302079384
0.07139953717684026
0.16143930554027935
0.2163252013101619
0.20333407075004098
0.1619871158797026
0.12520376923968818
0.11942770328379752
0.1269615467027441
0.12830071938482152
0.1419105567027455
0.15318475807519474
0.15306127872065062
0.14070925296610373
0.13901132364733088
0.14108278408162844
0.16556636845913897
0.16797677252078735
0.15732495584588788
0.142661670838207
0.1694479828592339
0.18063350989995608
0.17181929181703545
0.16637825553488503
0.16842115228248541
0.2160835737603088
0.2608086348698583
0.27400862329940257
0.4278646297846177
0.7114943937522474
0.732681721370552
0.7333191541249431
0.7327178677315287
0.7255205320672895
0.7171845139291053
0.7115402243813179
0.7200298657565133
0.7449351301755123
0.7816629565114794
0.8138905223493001
0.8340805969741953
0.8245399719387427
0.805615098084334
0.7937732948708758
0.7884467434805147
0.7908099822240305
0.797351129036694
0.8121322801680746
0.828879156780147
0.8529166054525383
0.8627516427123407
0.8583966470089923
0.8511887993034082
0.854615671462372
0.8676355660821136
0.879673758146845
0.8867354291765513
0.886801686882879
0.8748537916254155
0.8577230892508123
0.8441695306788894
0.828546656056145
0.8246082040642063
0.8191339033786782
0.8099647735893626
0.798716750407375
0.7933952001647514
0.7926661003689077
0.8005458440135016
