0.7050785536604408
0.7344519596449595
0.7141883593781668
0.7032285415928325
0.7313027184964586
0.4378517933457568
0.22157357449391737
0.15208026389158366
0.05571532055206885
0.10926509186403445
0.1717894802272946
0.227196277475329
0.26116599595759
0.30116033905194955
0.3257611619658143
0.34288100436352315
0.36109816184970006
0.4126841030150323
0.4697870248792683
0.5027225740843108
0.5270766005180911
0.5586782515045373
0.5766607597788429
0.5829935546447911
0.5971863345115705
0.6090858946149027
0.6286161066686956
0.6456568402634159
0.6732921975490761
0.7043200418479763
0.7642633106007896
0.8010694355187575
0.8247331362530458
0.8354072887619779
0.867232175529787
